354 1 1 1 0 -1 0 0 0 0 188 1 0 0 0 -1 0 0 0 0
2 1 0 0 1 -1 0 0 0 0 -1 0 0 0 0 -1 0 0 0 0
354 0 1 0 0 -1 0 0 0 0 -1 0 0 0 0 -1 0 0 0 0
-1 0 0 0 0 88 0 0 1 0 -1 0 0 0 0 -1 0 0 0 0
-1 0 0 0 0 -1 0 0 0 0 -1 0 0 0 0 -1 0 0 0 0
355 1 1 0 0 -1 0 0 0 0 -1 0 0 0 0 -1 0 0 0 0
-1 0 0 0 0 -1 0 0 0 0 170 0 1 1 0 278 1 0 1 0
355 1 0 1 0 -1 0 0 0 0 186 1 1 1 0 268 1 1 1 0
-1 0 0 0 0 87 1 1 1 0 -1 0 0 0 0 268 1 0 1 0
355 0 1 1 0 92 1 1 1 0 175 1 0 1 0 -1 0 0 0 0
-1 0 0 0 0 89 0 1 1 0 179 1 0 1 0 266 0 1 1 0
355 0 1 1 0 85 1 1 1 0 -1 0 0 0 0 -1 0 0 0 0
39 1 1 1 0 110 1 1 1 0 177 1 1 1 0 -1 0 0 0 0
1 1 1 1 0 91 1 1 1 0 182 1 1 1 0 264 1 1 1 0
-1 0 0 0 0 89 1 1 1 0 203 1 1 1 0 270 1 1 1 0
355 0 1 1 0 89 1 1 1 0 223 1 0 0 0 243 0 0 1 0
-1 0 0 0 0 88 1 1 1 0 178 1 1 1 0 269 1 1 1 0
352 0 1 1 0 -1 0 0 0 0 173 1 0 1 0 -1 0 0 0 0
356 1 1 1 0 -1 0 0 0 0 186 1 1 1 0 -1 0 0 0 0
356 1 0 1 0 -1 0 0 0 0 181 0 1 1 0 276 1 0 1 0
-1 0 0 0 0 88 1 1 1 0 -1 0 0 0 0 267 1 1 1 0
357 0 1 1 0 86 0 1 1 0 176 1 1 1 0 267 1 1 0 0
344 0 1 1 0 67 0 1 1 0 176 1 0 1 0 268 1 1 0 0
336 1 1 1 0 87 1 1 1 0 176 1 0 1 0 273 1 1 1 0
-1 0 0 0 0 96 1 0 1 0 -1 0 0 0 0 277 0 1 1 0
354 1 1 1 0 95 1 1 1 0 161 1 1 1 0 235 1 1 1 0
207 1 1 1 0 87 1 1 1 0 177 1 1 1 0 289 1 1 1 0
-1 0 0 0 0 -1 0 0 0 0 -1 0 0 0 0 -1 0 0 0 0
-1 0 0 0 0 -1 0 0 0 0 -1 0 0 0 0 -1 0 0 0 0
-1 0 0 0 0 90 1 0 1 0 181 1 1 0 0 267 0 0 1 0
-1 0 0 0 0 -1 0 0 0 0 175 1 1 1 0 268 0 1 1 0
-1 0 0 0 0 89 0 0 1 0 175 1 1 0 0 267 0 0 1 0
-1 0 0 0 0 -1 0 0 0 0 -1 0 0 0 0 -1 0 0 0 0
-1 0 0 0 0 -1 0 0 0 0 -1 0 0 0 0 -1 0 0 0 0
-1 0 0 0 0 95 1 1 1 0 -1 0 0 0 0 270 1 1 1 0
354 1 0 1 0 88 1 1 0 0 188 1 1 1 1 -1 0 0 0 0
337 1 1 1 0 94 1 1 1 0 165 0 1 1 0 -1 0 0 0 0
-1 0 0 0 0 89 0 1 1 0 -1 0 0 0 0 -1 0 0 0 0
-1 0 0 0 0 90 0 1 1 0 -1 0 0 0 0 -1 0 0 0 0
-1 0 0 0 0 83 0 1 1 0 -1 0 0 0 0 -1 0 0 0 0
-1 0 0 0 0 53 0 1 1 0 -1 0 0 0 0 -1 0 0 0 0
-1 0 0 0 0 83 0 1 1 0 -1 0 0 0 0 -1 0 0 0 0
353 1 0 0 0 90 1 1 1 0 176 1 1 1 0 -1 0 0 0 0
-1 0 0 0 0 89 0 1 1 0 -1 0 0 0 0 -1 0 0 0 0
-1 0 0 0 0 -1 0 0 0 0 -1 0 0 0 0 -1 0 0 0 0
-1 0 0 0 0 -1 0 0 0 0 -1 0 0 0 0 -1 0 0 0 0
